13 13 13 11 11 11 11 16 15 15 15 15 15 15 15 15 15 15 15 15 15 15 15 15 15 15 15 15 15 15 15 15 15 15 15 15 15 15 15 15 15 15 15 15 15 15 15 15 15 15 
13 13 13 11 11 11 11 16 16 15 15 15 15 15 15 15 15 15 15 15 15 15 15 15 15 15 15 15 15 15 15 15 15 15 15 15 15 15 15 15 15 15 15 15 15 15 15 15 15 15 
13 13 13 11 11 11 11 11 16 17 15 15 15 17 17 17 15 15 15 15 15 15 15 15 15 15 15 15 15 15 15 15 15 15 15 15 15 15 15 15 15 15 15 15 15 15 15 15 15 15 
13 13 13 11 11 11 11 11 16 15 15 15 15 15 15 15 15 15 15 15 15 15 15 15 15 15 15 15 15 15 15 15 15 15 15 15 15 15 15 15 15 15 15 15 15 15 15 15 15 15 
13 13 13 11 11 11 11 11 16 15 15 17 15 15 15 15 15 15 15 15 15 15 15 15 15 15 15 15 15 15 15 15 15 15 15 15 15 15 15 15 15 15 15 15 15 15 15 15 15 15 
13 13 13 11 11 11 11 11 16 17 15 17 17 17 15 15 15 15 15 15 15 15 15 15 15 15 15 15 15 15 15 15 15 15 15 15 15 15 15 15 15 15 15 15 15 15 15 15 15 15 
13 13 13 11 11 11 11 11 11 16 16 16 15 15 15 15 15 15 15 15 15 15 15 15 15 15 15 15 15 15 15 15 15 15 15 15 15 15 15 15 15 15 15 15 15 15 15 15 15 15 
13 13 13 11 11 11 11 11 11 11 11 16 16 17 15 15 17 15 15 17 17 15 15 15 15 15 15 15 15 15 15 15 15 15 15 15 15 15 15 15 15 15 15 15 15 15 15 15 15 15 
13 13 13 11 11 11 11 11 11 11 11 11 11 16 17 15 15 15 15 15 15 15 15 15 15 15 15 15 15 15 15 15 15 15 15 15 15 15 15 15 15 15 15 15 15 15 15 15 15 15 
13 13 13 11 11 11 11 11 11 11 11 11 11 16 15 15 15 15 15 15 17 17 15 15 15 15 15 15 15 15 15 15 15 15 15 15 15 15 15 15 15 15 15 15 15 15 15 15 15 15 
13 13 13 11 11 11 11 11 11 11 11 11 11 16 17 17 15 15 15 17 15 17 15 15 15 15 15 15 15 15 15 15 15 15 15 15 15 15 15 15 15 15 15 15 15 15 15 15 15 15 
13 13 13 13 11 11 11 11 11 11 11 11 11 11 11 16 17 15 17 15 15 17 15 15 15 15 15 15 15 15 15 15 15 15 15 15 15 15 15 15 15 15 15 15 15 15 15 15 15 15 
13 13 13 13 11 11 11 11 11 11 11 11 11 11 11 11 16 15 15 15 15 17 15 15 15 15 15 15 15 15 15 15 15 15 15 15 15 15 15 15 15 15 15 15 15 15 15 15 15 15 
13 13 13 11 11 11 11 11 11 11 11 11 11 11 11 11 16 17 17 15 15 15 15 15 15 15 15 15 15 15 15 15 15 15 15 15 15 15 15 15 15 15 15 15 15 15 15 15 15 15 
13 13 13 11 11 11 11 11 11 11 11 11 11 11 11 11 11 16 17 15 15 15 15 15 15 15 15 15 15 15 15 15 15 15 15 15 15 15 15 15 15 15 15 15 15 15 15 15 15 15 
13 13 13 11 11 11 11 11 11 11 11 11 11 11 11 11 11 16 17 17 15 15 15 15 15 15 15 15 15 15 15 15 15 15 15 15 15 15 15 15 15 15 15 15 15 15 15 15 15 15 
13 13 13 11 11 11 11 11 11 11 11 11 11 11 11 11 11 16 15 15 15 15 15 15 15 15 15 15 15 15 15 15 15 15 15 15 15 15 15 15 15 15 15 15 15 15 15 15 15 15 
13 13 13 11 11 11 11 11 11 11 11 11 11 11 11 11 11 16 15 15 15 15 15 15 15 15 15 15 15 15 15 15 15 15 15 15 15 15 15 15 15 15 15 15 15 15 15 15 15 15 
13 13 13 11 11 11 11 11 11 11 11 11 11 11 11 11 11 16 15 15 15 15 15 15 15 15 15 15 15 15 15 15 15 15 15 15 15 15 15 15 15 15 15 15 15 15 15 15 15 15 
13 13 13 11 11 11 11 11 11 11 11 11 11 11 11 11 11 16 15 15 15 15 15 15 15 15 15 15 15 15 15 15 15 15 15 15 15 15 15 15 15 15 15 15 15 15 15 15 15 15 
13 13 13 11 11 11 11 11 11 11 11 11 11 11 11 11 11 16 15 15 15 15 15 15 15 15 15 15 15 15 15 15 15 15 15 15 15 15 15 15 15 15 15 15 15 15 15 15 15 15 
13 13 11 11 11 11 11 11 11 11 11 11 11 11 11 11 11 16 15 15 17 15 15 15 15 15 15 15 15 15 15 15 15 15 15 15 15 15 15 15 15 15 15 15 15 15 15 15 15 15 
13 13 11 11 11 11 11 11 11 11 11 11 11 11 11 11 11 16 15 17 17 15 15 15 15 15 15 15 15 15 15 15 15 15 15 15 15 15 15 15 15 15 15 15 15 15 15 15 15 15 
13 13 11 11 11 11 11 11 11 11 11 11 11 11 11 11 16 15 15 17 15 15 15 15 15 15 15 15 15 15 15 15 15 15 15 15 15 15 15 15 15 15 15 15 15 15 15 15 15 15 
13 13 11 11 11 11 11 11 11 11 11 11 11 11 11 11 16 15 15 17 15 15 15 15 15 15 15 15 15 15 15 15 15 15 15 15 15 15 15 15 15 15 15 15 15 15 15 15 15 15 
13 13 11 11 11 11 11 11 11 11 11 11 11 11 11 11 16 15 15 17 15 15 17 15 15 15 15 15 15 15 15 15 15 15 15 15 15 15 15 15 15 15 15 15 15 15 15 15 15 15 
13 13 11 11 11 11 11 11 11 11 11 11 11 11 11 11 16 15 15 17 15 15 15 15 15 15 15 15 15 15 15 15 15 15 15 15 15 15 15 15 15 15 15 15 15 15 15 15 15 15 
13 13 11 11 11 11 11 11 11 11 11 11 11 11 11 11 16 17 15 15 15 17 15 15 15 15 15 15 15 15 15 15 15 15 15 15 15 15 15 15 15 15 15 15 15 15 15 15 15 15 
13 13 11 11 11 11 11 11 11 11 11 11 11 11 11 11 16 17 15 15 15 17 15 15 15 15 15 15 15 15 15 15 15 15 15 15 15 15 15 15 15 15 15 15 15 15 15 15 15 15 
13 13 11 11 11 11 11 11 11 11 11 11 11 11 11 11 16 16 16 15 15 15 15 15 15 15 15 15 15 15 15 15 15 15 15 15 15 15 15 15 15 15 15 15 15 15 15 15 15 15 
13 13 11 11 11 11 11 11 11 11 11 11 11 11 11 11 11 11 16 15 17 17 17 15 15 15 15 15 15 15 15 15 15 15 15 15 15 15 15 15 15 15 15 15 15 15 15 15 15 15 
13 13 13 11 11 11 11 11 11 11 11 11 11 11 11 11 11 11 16 15 15 17 15 15 17 17 15 15 15 15 15 15 15 15 15 15 15 15 15 15 15 15 15 15 15 15 15 15 15 15 
13 13 13 11 11 11 11 11 11 11 11 11 11 11 11 11 11 11 16 15 15 17 17 15 17 15 15 15 15 15 15 15 15 15 15 15 15 15 15 15 15 15 15 15 15 15 15 15 15 15 
13 13 13 11 11 11 11 11 11 11 11 11 11 11 11 11 11 11 16 15 15 15 15 15 15 15 15 15 15 15 15 15 15 15 15 15 15 15 15 15 15 15 15 15 15 15 15 15 15 15 
13 13 13 11 11 11 11 11 11 11 11 11 11 11 11 11 11 11 16 15 17 15 15 15 15 15 15 15 15 15 15 15 15 15 15 15 15 15 15 15 15 15 15 15 15 15 15 15 15 15 
13 13 13 11 11 11 11 11 11 11 11 11 11 11 11 11 11 11 16 15 17 17 15 15 15 15 15 15 15 15 15 15 15 15 15 15 15 15 15 15 15 15 15 15 15 15 15 15 15 15 
13 13 13 11 11 11 11 11 11 11 11 11 11 11 11 11 11 11 16 15 17 17 15 15 15 15 15 15 15 15 15 15 15 15 15 15 15 15 15 15 15 15 15 15 15 15 15 15 15 15 
13 13 13 11 11 11 11 11 11 11 11 11 11 11 11 11 11 11 16 15 17 17 15 15 15 15 15 15 15 15 15 15 15 15 15 15 15 15 15 15 15 15 15 15 15 15 15 15 15 15 
13 13 11 11 11 11 11 11 11 11 11 11 11 11 11 11 11 11 16 15 15 17 15 15 15 15 15 15 15 15 15 15 15 15 15 15 15 15 15 15 15 15 15 15 15 15 15 15 15 15 
13 13 13 13 13 11 11 11 11 11 11 11 11 11 11 11 11 16 17 15 17 15 15 15 15 15 15 15 15 15 15 15 15 15 15 15 15 15 15 15 15 15 15 15 15 15 15 15 15 15 
13 13 13 13 11 11 11 11 11 11 11 11 11 11 11 11 11 16 17 17 17 15 15 15 15 15 15 15 15 15 15 15 15 15 15 15 15 15 15 15 15 15 15 15 15 15 15 15 15 15 
13 13 13 13 13 11 11 11 11 11 11 11 11 11 11 11 11 16 15 17 15 15 15 15 15 15 15 15 15 15 15 15 15 15 15 15 15 15 15 15 15 15 15 15 15 15 15 15 15 15 
13 13 13 11 13 13 13 11 11 11 11 11 11 11 11 11 11 16 15 15 17 15 15 15 15 15 15 15 15 15 15 15 15 15 15 15 15 15 15 15 15 15 15 15 15 15 15 15 15 15 
13 13 13 11 13 13 13 11 11 11 11 11 11 11 11 11 11 16 15 17 15 17 15 15 15 15 15 15 15 15 15 15 15 15 15 15 15 15 15 15 15 15 15 15 15 15 15 15 15 15 
13 13 13 13 13 13 13 13 11 11 11 11 11 11 11 11 11 16 15 15 15 17 15 15 15 15 15 15 15 15 15 15 15 15 15 15 15 15 15 15 15 15 15 15 15 15 15 15 15 15 
13 13 13 13 13 13 13 13 11 11 11 11 11 11 11 11 11 11 16 15 15 17 15 15 15 15 15 15 15 15 15 15 15 15 15 15 15 15 15 15 15 15 15 15 15 15 15 15 15 15 
13 13 13 13 13 13 13 13 11 11 11 11 11 11 11 11 11 11 16 15 17 17 15 15 15 15 15 15 15 15 15 15 15 15 15 15 15 15 15 15 15 15 15 15 15 15 15 15 15 15 
13 13 13 13 13 13 13 13 11 11 11 11 11 11 11 11 11 11 16 16 15 15 15 15 15 15 15 15 15 15 15 15 15 15 15 15 15 15 15 15 15 15 15 15 15 15 15 15 15 15 
13 13 13 13 13 13 13 13 11 11 11 11 11 11 11 11 11 11 11 16 15 15 15 15 15 15 15 15 15 15 15 15 15 15 15 15 15 15 15 15 15 15 15 15 15 15 15 15 15 15 
13 13 13 13 13 13 13 13 11 11 11 11 11 11 11 11 11 11 11 16 15 15 15 15 15 15 15 15 15 15 15 15 15 15 15 15 15 15 15 15 15 15 15 15 15 15 15 15 15 15 
